2
16
123
69
29
16
83
-11
2
-38
29
-78
2
-145
29
-145
29
-119
-65
-105
-92
-145
-65
-213
-92
-159
-132
-239
-132
-239
-132
-280
-199
-253
-213
-306
-239
-306
-213
-333
-159
-333
-159
-239
-159
-213
-52
-186
-78
-199
-38
-186
-52
-145
-11
-119
2
-38
-25
-38
56
-38
29
-25
96
29
136
69
96
29
123
16
109
2
109
16
109
29
136
-11
150
42
123
-11
109
-11
83
-11
42
-65
29
-65
16
-65
16
-52
42
-105
29
-65
56
-38
16
-92
83
-65
-11
-38
83
-52
56
-65
83
-65
29
42
56
2
56
-105
29
-38
42
-65
42
-78
2
-78
2
-119
29
-92
56
-92
56
-92
29
-78
2
-11
29
-52
83
-38
136
-11
83
-11
96
16
109
2
123
16
150
96
190
69
190
83
217
96
190
163
190
123
217
136
244
109
244
96
244
83
257
163
244
136
190
69
203
96
177
16
109
2
136
2
96
-11
69
2
16
-25
56
-78
16
-52
-25
-132
-52
-145
-25
-105
2
-145
-65
-92
-52
-78
-25
-145
-25
-119
-38
-119
-25
-78
-11
-145
-11
-92
-25
-145
-25
-92
2
-105
-25
-119
42
-78
-25
-145
2
-105
2
-105
-38
-159
29
-159
-52
-172
-132
-186
-65
-159
-25
-145
2
-159
-65
-199
-105
-199
-132
-253
-78
-159
-132
-253
-145
-253
-119
-199
-199
-280
-199
-226
-159
-199
-132
-239
-132
-253
-132
-280
-172
-306
-159
-280
-145
-280
-105
-253
-145
-280
-132
-239
-132
-239
-186
-199
-105
-199
-38
-119
-11
-78
29
-92
42
-38
123
42
190
42
163
56
163
96
150
96
203
109
217
163
244
150
244
177
244
177
190
136
244
96
217
96
177
42
177
42
190
16
96
2
69
-78
42
-65
2
-119
-25
-172
-78
-213
-105
-226
-132
-226
-132
-253
-145
-226
-159
-253
-145
-199
-105
-186
-65
-119
-25
-11
2
-92
-38
-145
16
-92
2
-105
16
-92
56
-78
29
-52
83
-52
69
-92
-38
-78
42
-65
16
-25
29
-78
96
-11
96
16
136
56
109
29
177
69
150
69
136
56
163
29
163
29
163
109
177
96
203
96
203
56
230
96
190
123
244
150
257
123
270
150
244
136
244
177
257
177
190
109
230
163
190
123
177
150
136
42
136
16
96
16
109
-38
56
-65
109
-92
83
-11
56
-65
29
-38
16
-65
2
-78
2
-145
-52
-186
-65
-172
-52
-172
-38
-145
2
-119
2
-159
16
-78
2
-119
2
-132
2
-38
83
-25
109
29
217
96
190
69
83
83
150
96
203
83
217
123
270
136
230
123
163
123
163
109
217
96
230
96
203
109
190
16
177
109
190
42
150
69
177
56
136
42
109
-11
56
-38
56
-11
2
-78
29
-119
16
-159
-11
-92
-38
-119
-78
-172
-65
-172
-52
-145
-65
-186
-78
-172
-52
-172
-105
-186
-92
-226
-105
-199
-132
-199
-65
-253
-159
-172
-145
-239
-105
-280
-145
-213
-172
-239
-132
-266
-159
-293
-159
-226
-172
-266
-119
-199
-119
-199
-132
-239
-119
-199
-132
-226
-92
-199
-105
-213
-105
-186
-119
-199
-105
-186
-52
-145
-38
-145
-65
-65
-25
-105
2
-92
42
-38
56
-78
56
-78
96
-11
96
-52
96
29
109
29
150
16
163
2
163
56
109
69
163
42
190
42
190
96
203
123
217
96
217
163
217
177
217
123
230
150
257
123
217
123
257
109
230
123
257
136
244
123
244
150
217
123
203
96
217
83
190
56
177
83
190
69
150
69
136
29
109
-38
83
16
56
-38
56
-78
-11
-119
-25
-145
-78
-159
-52
-199
-159
-226
-145
-186
-132
-266
-145
-253
-119
-226
-172
-253
-172
-253
-186
-253
-132
-253
-132
-253
-132
-266
-132
-280
-132
-226
-105
-199
-119
-199
-52
-213
-78
-92
-38
-145
-38
-92
-38
-52
2
-65
42
-78
-25
-38
29
-78
96
-65
29
-38
69
-38
83
-11
69
-65
56
-105
56
-78
42
-52
56
-65
56
-38
16
-119
29
-78
83
-11
56
-25
56
-52
69
-92
69
-25
56
-52
29
-78
42
-52
29
-65
42
-78
56
-78
42
-65
42
-132
2
-105
2
-119
-11
-145
16
-38
16
-119
16
-119
2
-78
16
-119
2
-92
2
-92
16
-119
29
-65
29
-25
69
16
83
16
136
42
203
69
163
96
203
69
203
123
230
136
257
150
297
177
270
136
217
136
257
109
203
123
230
96
217
96
136
42
123
56
109
16
109
-38
83
16
83
-25
29
-92
42
-92
56
-105
16
-92
-25
-213
-78
-186
-78
-172
-105
-172
-105
-145
-52
-172
-38
-199
-38
-119
-52
-78
2
-105
42
-78
2
-78
69
-52
109
-52
96
29
56
-25
69
-38
42
-78
56
-92
-11
-105
-38
-119
-11
-172
-52
-186
-92
-159
-132
-226
-92
-226
-78
-253
-92
-199
-119
-293
-159
-226
-186
-226
-186
-293
-213
-374
-239
-360
-226
-360
-239
-320
-226
-360
-333
-374
-266
-374
-266
-387
-239
-360
-239
-347
-239
-306
-186
-280
-159
-293
-172
-266
-145
-239
-132
-226
-92
-213
-105
-199
-65
-159
2
-119
42
-65
42
-38
109
29
177
16
69
-11
190
96
163
136
230
123
257
136
284
177
257
150
217
96
190
69
163
29
163
29
109
-25
96
-11
-11
-105
2
-119
-52
-213
-78
-186
-92
-226
-132
-199
-159
-226
-186
-293
-132
-266
-145
-253
-145
-293
-145
-280
-145
-239
-159
-280
-159
-253
-159
-226
-105
-266
-65
-199
-119
-186
-119
-199
-105
-199
-65
-145
-38
-145
-25
-159
56
-132
-25
-52
-78
-92
2
-92
29
-65
69
42
109
16
83
16
123
29
136
83
150
56
190
42
190
123
217
177
270
190
284
190
270
177
311
190
284
150
297
177
324
190
284
177
311
217
297
230
244
177
284
190
257
150
257
109
203
109
230
136
217
83
190
42
177
56
136
16
109
16
109
29
56
-38
83
-38
16
-78
29
-78
69
-65
29
-78
56
-38
42
-65
69
-38
56
-65
56
-38
123
56
150
16
163
69
190
96
177
109
163
83
217
123
244
123
217
96
217
109
217
150
297
123
257
190
257
163
270
150
230
257
270
177
297
96
297
123
257
163
244
109
203
96
203
96
230
69
190
42
150
69
150
56
136
-11
96
42
136
16
123
-25
109
-38
109
-38
69
-38
2
-11
42
-92
42
-105
2
-119
29
-119
-38
-119
-38
-226
-25
-186
-65
-159
-52
-199
-52
-186
-52
-159
-105
-253
-145
-199
-145
-226
-132
-226
-159
-239
-132
-199
-145
-199
-132
-226
-132
-253
-145
-239
-159
-213
-132
-199
-145
-226
-65
-199
-65
-199
-65
-145
-78
-159
-38
-119
-11
-159
-25
-105
-52
-172
-11
-186
2
-145
2
-132
16
-65
2
-52
109
-105
56
-11
83
-11
56
69
136
69
163
96
217
96
217
123
96
123
244
123
244
123
284
136
217
96
217
150
284
150
230
190
270
163
284
163
270
217
257
150
324
190
284
190
297
150
297
190
244
136
270
177
257
109
244
123
150
69
150
29
136
2
123
-38
42
-52
29
-11
2
-78
29
-105
2
-78
-25
-132
-52
-145
-65
-145
-78
-199
-105
-145
-132
-213
-92
-213
-253
-239
-92
-199
-92
-199
-105
-213
-105
-186
-105
-186
-78
-172
-52
-132
2
-145
-25
-145
-11
-92
56
-78
-11
-119
56
-119
42
-65
56
-38
69
-78
69
-38
56
-25
83
-25
96
2
96
-38
69
2
96
-38
83
16
109
-52
109
-52
96
-25
29
-38
69
-25
69
-11
83
-11
69
-38
83
-52
29
-38
69
-65
56
-38
69
-25
29
2
96
-11
83
2
69
-38
83
-11
56
-11
29
-105
42
-105
2
-52
2
-105
-52
-92
-25
-119
-25
-132
-65
-145
-78
-132
-25
-172
-52
-92
-11
-92
2
-119
69
-78
69
42
83
16
177
69
177
69
364
391
472
351
499
378
485
418
485
418
499
378
485
405
512
378
472
351
431
338
391
324
458
257
364
244
324
203
244
163
244
69
203
69
190
56
136
42
136
-25
123
29
109
-38
96
-25
136
-159
-105
-333
-159
-293
-159
-266
-186
-266
-132
-253
-132
-253
-132
-226
-119
-239
-105
-226
-78
-172
-132
-145
-65
-186
-92
-159
-105
-213
-105
-226
-186
-226
-159
-293
-105
-253
-132
-239
-132
-239
-159
-280
-172
-306
-199
-266
-172
-333
-213
-360
-253
-387
-266
-414
-306
-400
-306
-374
-293
-400
-320
-427
-280
-400
-306
-441
-320
-387
-266
-400
-306
-347
-186
-186
-52
-159
-52
-186
-65
-199
-52
-159
-52
-159
-78
-159
-52
-172
-52
-159
-38
-119
-11
-119
69
-38
83
-11
136
29
190
69
123
109
217
96
217
136
257
136
297
177
270
163
297
230
297
190
217
29
83
-25
42
-65
2
-52
16
-78
29
-119
-25
-172
-52
-132
-38
-186
-105
-186
-119
-253
-132
-306
-186
-293
-213
-280
-239
-360
-226
-320
-199
-333
-186
-253
-105
-226
-92
-186
-52
-145
-38
-145
2
-92
2
-119
16
-92
-11
-92
29
-78
2
-65
16
-78
42
-11
-25
-65
2
-52
56
-52
29
-92
69
-25
123
42
136
56
203
69
190
69
190
96
217
150
177
83
324
230
405
217
391
284
405
284
378
311
431
270
391
270
391
311
472
311
405
338
418
324
431
270
418
284
351
284
378
203
338
177
244
203
244
163
217
69
177
69
150
96
150
16
163
16
29
-159
-145
-199
-105
-253
-119
-253
-159
-253
-199
-266
-132
-239
-105
-226
-105
-199
-119
-253
-92
-199
-65
-145
109
83
163
123
217
96
163
136
257
177
297
163
284
190
351
244
338
244
324
230
378
244
351
230
351
190
297
177
351
244
351
177
351
203
297
203
217
163
244
123
217
123
203
69
217
83
109
-119
2
-119
2
-132
69
-145
-52
-186
-159
-226
-78
-213
-78
-226
-92
-186
-92
-213
-105
-253
-78
-226
-132
-159
-92
-253
-145
-239
-145
-226
-105
-239
-172
-199
-132
-239
-119
-306
-186
-280
-172
-266
-159
-293
-213
-347
-226
-360
-280
-400
-320
-387
-320
-400
-306
-414
-347
-400
-306
-360
-266
-387
-239
-374
-266
-360
-266
-360
-213
-347
-199
-333
-213
-306
-199
-280
-213
-306
-159
-213
-159
-186
-132
-239
-119
-226
-52
-186
-25
-145
-52
-132
-25
-92
56
-78
69
-38
42
-92
163
230
378
270
418
311
431
364
431
270
445
311
445
311
458
311
418
324
431
311
324
338
378
297
324
324
405
311
418
391
431
297
391
203
431
311
431
311
418
324
418
284
364
270
391
297
378
150
136
-65
83
69
217
136
217
150
244
150
217
96
190
42
150
16
136
2
96
-65
